# rSmooth[Mpc/h]	czMin[km/s]	fSig8	fSig8_eShot	fSig8_eDist	fSig8_eCal	fSig8_eTot	fSig8Lin	fSig8Lin_eShot	fSig8Lin_eDist	fSig8Lin_eCal	fSig8Lin_eTot	BExtX[km/s]	BExtX_eShot[km/s]	BExtX_eDist[km/s]	BExtX_eCal[km/s]	BExtX_eTot[km/s]	BExtY[km/s]	BExtY_eShot[km/s]	BExtY_eDist[km/s]	BExtY_eCal[km/s]	BExtY_eTot[km/s]	BExtZ[km/s]	BExtZ_eShot[km/s]	BExtZ_eDist[km/s]	BExtZ_eCal[km/s]	BExtZ_eTot[km/s]	h	h_eShot	h_eDist	h_eCal	h_eTot
5.0	0.0	0.47173	0.01154	0.01162	0.10043	0.10175	0.42687	0.01044	0.01051	0.09088	0.09208	119.37	44.81	4.80	29.98	54.12	-136.55	49.35	7.62	40.82	64.50	51.21	45.78	5.13	36.36	58.69	0.74851	0.00120	0.00108	0.00570	0.00593
5.0	1000.0	0.44226	0.01097	0.01917	0.04486	0.05001	0.40020	0.00993	0.01734	0.04060	0.04525	113.13	42.06	11.81	3.74	43.85	-171.67	46.49	11.72	3.67	48.08	51.97	43.10	7.51	24.55	50.17	0.74860	0.00089	0.00112	0.00533	0.00552
5.0	2000.0	0.38498	0.01573	0.02747	0.04568	0.05558	0.34836	0.01423	0.02486	0.04134	0.05029	100.44	36.09	16.04	8.32	40.36	-188.38	39.97	16.42	19.88	47.57	58.77	37.84	13.20	2.82	40.17	0.74937	0.00069	0.00117	0.00479	0.00498
5.0	3000.0	0.36751	0.02469	0.03673	0.05219	0.06843	0.33256	0.02234	0.03324	0.04723	0.06193	67.54	32.37	20.34	2.88	38.33	-187.84	36.01	20.66	0.53	41.52	47.68	34.41	17.87	8.81	39.76	0.74826	0.00058	0.00123	0.00480	0.00498
5.0	4000.0	0.31348	0.02829	0.04142	0.04229	0.06561	0.28367	0.02560	0.03749	0.03827	0.05937	56.73	26.61	23.00	3.14	35.31	-188.29	29.73	24.32	12.94	40.53	41.18	28.59	20.43	4.01	35.37	0.74750	0.00049	0.00128	0.00471	0.00491
5.0	5000.0	0.38128	0.03739	0.05255	0.05571	0.08522	0.34502	0.03383	0.04755	0.05041	0.07712	21.80	30.76	28.37	1.19	41.86	-186.70	34.16	31.17	1.42	46.26	24.78	33.40	23.80	7.60	41.71	0.74729	0.00060	0.00138	0.00445	0.00470
10.0	0.0	0.43163	0.01550	0.01332	0.10528	0.10724	0.39058	0.01402	0.01205	0.09527	0.09705	110.60	58.86	5.06	31.71	67.05	-153.73	65.25	9.61	72.62	98.10	131.46	60.00	5.22	55.70	82.03	0.74808	0.00131	0.00108	0.00721	0.00741
10.0	1000.0	0.42280	0.01890	0.01945	0.04254	0.05046	0.38259	0.01711	0.01760	0.03850	0.04566	118.09	54.73	11.88	1.98	56.04	-162.38	60.29	13.21	5.24	61.94	43.38	56.56	8.38	24.59	62.24	0.74782	0.00111	0.00112	0.00539	0.00562
10.0	2000.0	0.40032	0.02477	0.02779	0.04079	0.05523	0.36225	0.02242	0.02515	0.03691	0.04997	97.15	50.10	16.24	7.98	53.26	-180.10	55.12	17.88	17.12	60.43	44.06	52.70	13.71	1.25	54.47	0.74930	0.00094	0.00117	0.00475	0.00498
10.0	3000.0	0.45726	0.04032	0.03958	0.05037	0.07570	0.41377	0.03649	0.03581	0.04558	0.06850	59.31	55.43	20.72	5.99	59.48	-171.16	60.61	22.24	6.64	64.90	46.37	59.50	18.79	15.90	64.39	0.74877	0.00098	0.00124	0.00459	0.00485
10.0	4000.0	0.41976	0.04521	0.04608	0.05178	0.08275	0.37984	0.04091	0.04170	0.04685	0.07488	50.56	49.39	23.45	0.25	54.68	-177.30	53.90	25.67	9.52	60.46	42.32	53.62	21.49	3.42	57.87	0.74800	0.00087	0.00129	0.00452	0.00478
10.0	5000.0	0.47042	0.05571	0.05680	0.06187	0.10079	0.42568	0.05042	0.05140	0.05599	0.09120	12.77	52.40	28.79	5.27	60.02	-182.23	57.37	32.71	4.08	66.16	33.92	57.80	24.93	15.74	64.88	0.74784	0.00099	0.00138	0.00433	0.00465
15.0	0.0	0.40191	0.02208	0.01503	0.11261	0.11574	0.36369	0.01998	0.01360	0.10190	0.10473	118.43	69.30	5.58	26.45	74.38	-192.65	75.67	11.22	98.49	124.71	172.44	70.55	5.86	55.51	89.96	0.74735	0.00136	0.00107	0.00885	0.00902
15.0	1000.0	0.42518	0.02946	0.02160	0.05483	0.06589	0.38475	0.02666	0.01955	0.04962	0.05962	127.58	65.80	12.08	0.35	66.90	-160.28	72.38	14.99	13.28	75.10	44.39	68.50	9.45	26.25	73.97	0.74810	0.00125	0.00113	0.00591	0.00615
15.0	2000.0	0.40502	0.03470	0.02940	0.04868	0.06662	0.36650	0.03140	0.02660	0.04405	0.06028	95.37	58.31	16.45	5.84	60.86	-172.43	64.33	19.31	20.02	70.09	27.85	61.72	14.41	2.36	63.42	0.74991	0.00106	0.00117	0.00495	0.00520
15.0	3000.0	0.47834	0.05217	0.04094	0.06420	0.09231	0.43285	0.04721	0.03705	0.05810	0.08353	49.08	66.78	20.99	3.38	70.09	-151.56	73.09	23.99	7.34	77.28	43.91	72.49	19.55	14.92	76.55	0.74947	0.00116	0.00124	0.00462	0.00492
15.0	4000.0	0.45043	0.05715	0.04837	0.06488	0.09907	0.40759	0.05171	0.04377	0.05871	0.08965	40.80	61.51	23.81	1.45	65.97	-164.32	67.10	27.27	8.21	72.89	47.91	67.68	22.31	5.84	71.50	0.74838	0.00106	0.00129	0.00452	0.00482
15.0	5000.0	0.51508	0.07267	0.06137	0.07394	0.12047	0.46609	0.06576	0.05553	0.06691	0.10902	6.25	66.62	29.28	6.75	73.08	-180.30	73.10	34.29	7.14	81.06	43.97	74.86	26.01	20.76	81.93	0.74806	0.00123	0.00138	0.00433	0.00471
20.0	0.0	0.40621	0.03358	0.01745	0.12678	0.13231	0.36758	0.03039	0.01579	0.11472	0.11972	130.84	83.19	6.53	21.58	86.19	-222.66	89.88	13.02	115.21	146.70	187.04	85.39	7.21	55.24	101.95	0.74781	0.00150	0.00108	0.01001	0.01018
20.0	1000.0	0.43483	0.04328	0.02447	0.06979	0.08569	0.39348	0.03916	0.02214	0.06315	0.07754	135.78	76.29	12.47	2.37	77.34	-164.38	84.05	16.93	18.23	87.65	45.84	80.09	10.84	26.45	85.04	0.74908	0.00138	0.00113	0.00647	0.00671
20.0	2000.0	0.40901	0.04664	0.03186	0.06582	0.08673	0.37012	0.04221	0.02883	0.05956	0.07849	94.22	65.38	16.75	4.34	67.63	-168.39	72.53	20.95	22.61	78.81	20.11	69.75	15.32	4.54	71.55	0.75081	0.00115	0.00118	0.00523	0.00548
20.0	3000.0	0.47051	0.06265	0.04242	0.07746	0.10828	0.42577	0.05670	0.03838	0.07010	0.09799	42.86	71.75	21.24	0.42	74.83	-139.43	79.11	25.55	5.88	83.34	44.96	78.37	20.09	11.97	81.78	0.75021	0.00122	0.00124	0.00473	0.00504
20.0	4000.0	0.44552	0.06678	0.05004	0.07457	0.11191	0.40315	0.06043	0.04528	0.06748	0.10127	34.29	66.18	24.06	4.17	70.54	-153.94	72.93	28.69	9.26	78.91	53.68	73.25	22.80	4.53	76.85	0.74875	0.00114	0.00129	0.00459	0.00490
20.0	5000.0	0.52466	0.08874	0.06513	0.08453	0.13879	0.47476	0.08030	0.05893	0.07649	0.12559	2.90	73.72	29.70	5.86	79.69	-179.52	81.88	35.70	7.14	89.61	51.30	83.87	26.84	21.59	90.67	0.74824	0.00134	0.00138	0.00438	0.00478
25.0	0.0	0.43751	0.04996	0.02047	0.14083	0.15083	0.39590	0.04521	0.01852	0.12744	0.13648	139.65	100.60	7.88	17.27	102.38	-237.41	109.03	15.30	120.46	163.19	186.12	104.89	9.23	53.61	118.16	0.74874	0.00171	0.00108	0.01080	0.01098
25.0	1000.0	0.44721	0.06007	0.02793	0.08259	0.10587	0.40468	0.05435	0.02528	0.07474	0.09581	142.26	85.48	13.06	4.00	86.57	-169.25	94.42	19.04	18.89	98.16	46.96	90.69	12.42	25.06	94.91	0.75019	0.00148	0.00113	0.00702	0.00726
25.0	2000.0	0.41134	0.06029	0.03509	0.08099	0.10689	0.37222	0.05456	0.03176	0.07329	0.09673	93.85	71.19	17.16	3.68	73.32	-167.95	79.60	22.71	23.91	86.15	18.28	76.59	16.29	5.47	78.49	0.75166	0.00122	0.00118	0.00558	0.00583
25.0	3000.0	0.45984	0.07425	0.04510	0.08719	0.12308	0.41611	0.06719	0.04081	0.07889	0.11138	39.17	74.80	21.54	3.05	77.90	-133.52	83.28	27.19	4.52	87.73	47.52	82.08	20.68	9.85	85.22	0.75082	0.00126	0.00124	0.00492	0.00523
25.0	4000.0	0.43316	0.07782	0.05279	0.08025	0.12362	0.39197	0.07042	0.04777	0.07262	0.11187	30.35	67.99	24.34	6.30	72.49	-147.22	75.88	30.15	10.80	82.36	57.46	75.54	23.20	2.49	79.06	0.74905	0.00117	0.00129	0.00472	0.00503
25.0	5000.0	0.51368	0.10388	0.06913	0.08941	0.15351	0.46483	0.09400	0.06256	0.08091	0.13891	1.76	75.81	30.07	3.42	81.63	-180.04	85.51	36.99	6.19	93.38	55.07	86.71	27.40	19.85	93.08	0.74831	0.00137	0.00139	0.00445	0.00486
30.0	0.0	0.48527	0.07119	0.02390	0.15201	0.16954	0.43913	0.06442	0.02163	0.13755	0.15342	144.26	120.49	9.44	12.60	121.51	-238.93	131.56	17.94	116.55	176.67	179.49	127.91	11.54	48.51	137.28	0.74959	0.00198	0.00108	0.01140	0.01162
30.0	1000.0	0.45955	0.07929	0.03184	0.09702	0.12928	0.41585	0.07175	0.02881	0.08779	0.11698	146.35	93.28	13.81	5.36	94.45	-172.16	103.54	21.28	16.84	107.04	48.70	99.95	14.03	22.83	103.48	0.75111	0.00157	0.00113	0.00756	0.00780
30.0	2000.0	0.41116	0.07525	0.03894	0.09302	0.12583	0.37206	0.06810	0.03524	0.08417	0.11386	93.63	75.67	17.66	3.55	77.79	-169.43	85.48	24.62	24.33	92.22	19.00	82.11	17.32	5.66	84.11	0.75232	0.00127	0.00118	0.00597	0.00622
30.0	3000.0	0.45037	0.08775	0.04888	0.09485	0.13815	0.40754	0.07940	0.04423	0.08583	0.12501	36.74	77.16	21.93	4.48	80.34	-131.87	87.09	28.91	3.50	91.83	49.70	85.08	21.34	8.62	88.14	0.75125	0.00129	0.00124	0.00518	0.00548
30.0	4000.0	0.41998	0.09047	0.05683	0.08325	0.13545	0.38004	0.08187	0.05143	0.07534	0.12257	28.06	68.82	24.69	7.60	73.51	-144.42	78.21	31.75	11.94	85.25	59.26	76.70	23.73	0.80	80.29	0.74921	0.00119	0.00129	0.00489	0.00520
30.0	5000.0	0.49283	0.11948	0.07401	0.09092	0.16739	0.44596	0.10812	0.06697	0.08227	0.15147	2.23	75.25	30.44	0.51	81.17	-182.84	86.70	38.35	5.69	94.97	56.17	86.24	27.95	17.35	92.30	0.74825	0.00138	0.00139	0.00457	0.00497
