# rSmooth[Mpc/h]	czMin[km/s]	fSig8	fSig8_eShot	fSig8_eDist	BExtX[km/s]	BExtX_eShot[km/s]	BExtX_eDist[km/s]	BExtY[km/s]	BExtY_eShot[km/s]	BExtY_eDist[km/s]	BExtZ[km/s]	BExtZ_eShot[km/s]	BExtZ_eDist[km/s]	h	h_eShot	h_eDist	chiSq/dof
5.0	0.0	0.36780	0.00913	0.00972	87.62	39.97	3.73	-183.70	44.92	7.15	90.94	42.09	4.31	0.73984	0.00137	0.00106	1.452
5.0	1000.0	0.37843	0.00868	0.01651	103.00	41.21	11.92	-189.81	47.04	12.23	88.53	43.37	7.42	0.74299	0.00098	0.00112	1.366
5.0	2000.0	0.33453	0.01421	0.02449	103.91	35.67	16.24	-225.81	40.54	16.79	65.17	37.55	13.20	0.74394	0.00076	0.00117	1.302
5.0	3000.0	0.29509	0.02105	0.03045	64.82	31.42	20.49	-208.46	35.72	21.07	49.53	32.55	18.01	0.74403	0.00062	0.00123	1.243
5.0	4000.0	0.24374	0.02101	0.03251	49.10	25.68	23.11	-219.68	29.53	24.53	53.66	26.96	20.50	0.74433	0.00051	0.00128	1.231
5.0	5000.0	0.27957	0.02653	0.03909	16.12	29.10	28.04	-214.27	33.02	30.33	30.24	30.84	23.86	0.74506	0.00060	0.00136	1.228
10.0	0.0	0.47997	0.01998	0.01662	89.63	51.96	4.06	-188.69	60.48	9.46	166.66	53.74	4.36	0.73494	0.00141	0.00105	1.538
10.0	1000.0	0.50335	0.02341	0.02395	123.83	53.62	11.97	-141.81	60.69	14.12	53.44	55.99	8.60	0.74132	0.00121	0.00112	1.376
10.0	2000.0	0.47662	0.03122	0.03374	110.39	50.44	16.49	-179.40	56.73	18.89	32.86	52.70	14.10	0.74345	0.00104	0.00117	1.300
10.0	3000.0	0.49294	0.04541	0.04424	69.14	52.36	20.93	-151.83	58.28	23.40	23.27	54.09	19.39	0.74399	0.00101	0.00123	1.239
10.0	4000.0	0.43486	0.04675	0.04901	52.68	45.97	23.61	-178.57	51.01	26.52	34.38	47.77	22.01	0.74427	0.00088	0.00128	1.227
10.0	5000.0	0.47566	0.05585	0.05761	19.17	49.84	28.48	-174.40	55.08	32.80	16.05	52.57	25.44	0.74489	0.00099	0.00136	1.224
15.0	0.0	0.53838	0.03251	0.02352	109.91	58.40	4.76	-226.39	66.78	11.35	193.14	59.84	5.37	0.73125	0.00136	0.00104	1.598
15.0	1000.0	0.60878	0.04447	0.03233	146.16	64.27	12.20	-113.29	72.60	16.39	36.33	66.94	10.09	0.74025	0.00136	0.00112	1.388
15.0	2000.0	0.54928	0.05035	0.04105	113.72	57.78	16.74	-149.76	65.49	20.73	6.32	60.30	15.11	0.74321	0.00115	0.00117	1.304
15.0	3000.0	0.59146	0.06769	0.05287	64.60	62.43	21.23	-104.73	69.99	25.88	6.28	64.94	20.48	0.74423	0.00118	0.00123	1.239
15.0	4000.0	0.54120	0.07061	0.05992	48.96	56.91	23.98	-140.06	63.32	28.87	23.78	59.69	23.14	0.74454	0.00107	0.00128	1.226
15.0	5000.0	0.60157	0.08553	0.07123	22.46	62.99	29.01	-143.08	70.46	35.20	5.70	67.47	26.85	0.74502	0.00123	0.00136	1.223
20.0	0.0	0.61543	0.05598	0.03207	133.82	67.05	6.09	-247.69	75.37	13.65	193.82	68.20	7.21	0.72977	0.00142	0.00104	1.630
20.0	1000.0	0.70466	0.07407	0.04138	164.88	74.10	12.68	-94.37	84.12	18.86	21.90	77.11	11.96	0.73993	0.00148	0.00112	1.397
20.0	2000.0	0.60755	0.07506	0.04914	116.31	63.83	17.11	-128.98	73.14	22.83	-9.81	66.65	16.33	0.74328	0.00123	0.00117	1.307
20.0	3000.0	0.63867	0.08983	0.06013	59.45	67.18	21.49	-76.57	76.56	27.86	0.61	70.32	21.16	0.74456	0.00125	0.00123	1.241
20.0	4000.0	0.58778	0.09083	0.06791	43.74	61.51	24.24	-115.86	69.89	30.75	22.75	65.02	23.73	0.74487	0.00115	0.00128	1.227
20.0	5000.0	0.66622	0.11286	0.08142	23.47	69.58	29.45	-125.03	79.96	37.10	2.27	75.70	27.82	0.74531	0.00134	0.00136	1.224
25.0	0.0	0.74521	0.09550	0.04212	156.86	81.11	7.94	-234.46	92.44	16.78	172.06	82.72	9.93	0.72947	0.00161	0.00104	1.644
25.0	1000.0	0.78907	0.11042	0.05083	179.21	83.22	13.42	-78.61	95.01	21.57	9.65	86.82	14.03	0.74003	0.00158	0.00112	1.405
25.0	2000.0	0.65052	0.10350	0.05787	118.29	68.54	17.58	-116.42	79.71	25.02	-17.53	71.69	17.56	0.74348	0.00128	0.00117	1.311
25.0	3000.0	0.66376	0.11302	0.06788	55.29	69.84	21.80	-61.40	81.26	29.85	0.08	73.40	21.85	0.74486	0.00128	0.00123	1.243
25.0	4000.0	0.60567	0.11222	0.07572	39.07	63.26	24.49	-102.66	73.58	32.47	24.83	67.31	24.11	0.74516	0.00117	0.00128	1.229
25.0	5000.0	0.68828	0.13767	0.09031	21.85	71.86	29.78	-117.65	84.66	38.60	3.30	78.78	28.32	0.74560	0.00136	0.00136	1.226
30.0	0.0	0.93033	0.15552	0.05298	181.12	101.71	10.03	-188.74	118.10	20.45	134.11	105.13	12.93	0.72962	0.00191	0.00105	1.648
30.0	1000.0	0.85939	0.15162	0.06034	188.67	91.34	14.33	-64.44	105.11	24.39	1.08	95.67	16.06	0.74027	0.00166	0.00112	1.410
30.0	2000.0	0.67699	0.13391	0.06698	118.86	71.90	18.13	-110.62	84.96	27.36	-19.89	75.37	18.79	0.74370	0.00131	0.00117	1.314
30.0	3000.0	0.67680	0.13875	0.07654	51.84	71.50	22.17	-54.88	85.32	31.85	1.26	75.37	22.55	0.74510	0.00129	0.00123	1.245
30.0	4000.0	0.61082	0.13561	0.08456	35.42	63.89	24.79	-96.95	76.51	34.27	27.08	68.27	24.59	0.74536	0.00117	0.00128	1.231
30.0	5000.0	0.68601	0.16305	0.09959	19.23	71.68	30.06	-117.61	86.83	40.06	5.97	78.90	28.77	0.74582	0.00134	0.00137	1.228
